"Proportion mature at start of year; DPS in GSA 18                     "			
1   6                     			
2007   2014                     			
0   3                     			
1			
0.233137911	0.999755247	0.999999926	0.999999999
0.233137911	0.999755247	0.999999926	0.999999999
0.233137911	0.999755247	0.999999926	0.999999999
0.233137911	0.999755247	0.999999926	0.999999999
0.233137911	0.999755247	0.999999926	0.999999999
0.233137911	0.999755247	0.999999926	0.999999999
0.233137911	0.999755247	0.999999926	0.999999999
0.233137911	0.999755247	0.999999926	0.999999999
