"Mean weight at age in stock (landings)(kg); HKE in the GSA 18                  "					
1   4               					
2007   2014               					
0   5             					
1					
0.005862128	0.138757848	0.523356662	1.147382908	1.938623381	3.702359794
0.005862128	0.138757848	0.523356662	1.147382908	1.938623381	3.702359794
0.005862128	0.138757848	0.523356662	1.147382908	1.938623381	3.702359794
0.005862128	0.138757848	0.523356662	1.147382908	1.938623381	3.702359794
0.005862128	0.138757848	0.523356662	1.147382908	1.938623381	3.702359794
0.005862128	0.138757848	0.523356662	1.147382908	1.938623381	3.702359794
0.005862128	0.138757848	0.523356662	1.147382908	1.938623381	3.702359794
0.005862128	0.138757848	0.523356662	1.147382908	1.938623381	3.702359794
