"Mean weight at age in stock (landings)(kg); mut in the GSA 18                  "			
1   4               			
2007   2014              			
0   3               			
1			
0.005523812	0.040750994	0.096831537	0.20176959
0.005523812	0.040750994	0.096831537	0.20176959
0.005523812	0.040750994	0.096831537	0.20176959
0.005523812	0.040750994	0.096831537	0.20176959
0.005523812	0.040750994	0.096831537	0.20176959
0.005523812	0.040750994	0.096831537	0.20176959
0.005523812	0.040750994	0.096831537	0.20176959
0.005523812	0.040750994	0.096831537	0.20176959