"Mean weight at age in stock (landings)(kg); nep in the GSA 18                  "							
1   4               							
2007   2014               							
1   7           							
1							
0.005910834	0.016153753	0.031203642	0.049756983	0.070376792	0.171	0.2
0.005910834	0.016153753	0.031203642	0.049756983	0.070376792	0.171	0.2
0.005910834	0.016153753	0.031203642	0.049756983	0.070376792	0.171	0.2
0.005910834	0.016153753	0.031203642	0.049756983	0.070376792	0.171	0.2
0.005910834	0.016153753	0.031203642	0.049756983	0.070376792	0.171	0.2
0.005910834	0.016153753	0.031203642	0.049756983	0.070376792	0.171	0.2
0.005910834	0.016153753	0.031203642	0.049756983	0.070376792	0.171	0.2
0.005910834	0.016153753	0.031203642	0.049756983	0.070376792	0.171	0.2